153,185,672,23409,34225,451584,485809,462400,10816
306,370,1344,93636,136900,1806336,1943236,1849600,43264
264,520,975,69696,270400,950625,1221025,1151329,200704
520,533,756,270400,284089,571536,855625,585225,13689
459,555,2016,210681,308025,4064256,4372281,4161600,97344
264,561,952,69696,314721,906304,1221025,1151329,245025
468,615,4180,219024,378225,17472400,17850625,17631601,159201
672,680,153,451584,462400,23409,485809,34225,10816
644,725,2040,414736,525625,4161600,4687225,4272489,110889
612,740,2688,374544,547600,7225344,7772944,7398400,173056
756,765,520,571536,585225,270400,855625,284089,13689
533,925,3360,284089,855625,11289600,12145225,11861136,571536
765,925,3360,585225,855625,11289600,12145225,11560000,270400
448,952,495,200704,906304,245025,1151329,950625,705600
495,975,448,245025,950625,200704,1151329,906304,705600
528,1040,1950,278784,1081600,3802500,4884100,4605316,802816
1040,1066,1512,1081600,1136356,2286144,3422500,2340900,54756
952,1073,264,906304,1151329,69696,1221025,314721,245025
975,1073,264,950625,1151329,69696,1221025,270400,200704
918,1110,4032,842724,1232100,16257024,17489124,16646400,389376
528,1122,1904,278784,1258884,3625216,4884100,4605316,980100
936,1230,8360,876096,1512900,69889600,71402500,70526404,636804
1071,1295,4704,1147041,1677025,22127616,23804641,22657600,529984
357,1325,6960,127449,1755625,48441600,50197225,50069776,1628176
1344,1360,306,1806336,1849600,93636,1943236,136900,43264
1288,1450,4080,1658944,2102500,16646400,18748900,17089956,443556
1224,1480,5376,1498176,2190400,28901376,31091776,29593600,692224
1512,1530,1040,2286144,2340900,1081600,3422500,1136356,54756
792,1560,2925,627264,2433600,8555625,10989225,10361961,1806336
1560,1599,2268,2433600,2556801,5143824,7700625,5267025,123201
1377,1665,6048,1896129,2772225,36578304,39350529,37454400,876096
792,1683,2856,627264,2832489,8156736,10989225,10361961,2205225
1404,1845,12540,1971216,3404025,157251600,160655625,158684409,1432809
1066,1850,6720,1136356,3422500,45158400,48580900,47444544,2286144
1530,1850,6720,2340900,3422500,45158400,48580900,46240000,1081600
819,1869,3740,670761,3493161,13987600,17480761,16810000,2822400
896,1904,990,802816,3625216,980100,4605316,3802500,2822400
990,1950,896,980100,3802500,802816,4605316,3625216,2822400
1683,2035,7392,2832489,4141225,54641664,58782889,55950400,1308736
2016,2040,459,4064256,4161600,210681,4372281,308025,97344
2040,2067,644,4161600,4272489,414736,4687225,525625,110889
1056,2080,3900,1115136,4326400,15210000,19536400,18421264,3211264
1365,2091,14212,1863225,4372281,201980944,206353225,204490000,2509056
2080,2132,3024,4326400,4545424,9144576,13690000,9363600,219024
1904,2146,528,3625216,4605316,278784,4884100,1258884,980100
1950,2146,528,3802500,4605316,278784,4884100,1081600,802816
1092,2175,1540,1192464,4730625,2371600,7102225,5909761,3538161
1932,2175,6120,3732624,4730625,37454400,42185025,38452401,998001
1836,2220,8064,3370896,4928400,65028096,69956496,66585600,1557504
1056,2244,3808,1115136,5035536,14500864,19536400,18421264,3920400
1428,2275,2640,2039184,5175625,6969600,12145225,10106041,3136441
2261,2275,2640,5112121,5175625,6969600,12145225,7033104,63504
2268,2295,1560,5143824,5267025,2433600,7700625,2556801,123201
1564,2405,8736,2446096,5784025,76317696,82101721,79655625,3337929
1989,2405,8736,3956121,5784025,76317696,82101721,78145600,1827904
1540,2431,1092,2371600,5909761,1192464,7102225,4730625,3538161
1872,2460,16720,3504384,6051600,279558400,285610000,282105616,2547216
1925,2555,2052,3705625,6528025,4210704,10738729,7033104,2822400
2142,2590,9408,4588164,6708100,88510464,95218564,90630400,2119936
1320,2600,4875,1742400,6760000,23765625,30525625,28783225,5017600
714,2650,13920,509796,7022500,193766400,200788900,200279104,6512704
2052,2652,1925,4210704,7033104,3705625,10738729,6528025,2822400
2640,2652,2261,6969600,7033104,5112121,12145225,5175625,63504
2600,2665,3780,6760000,7102225,14288400,21390625,14630625,342225
2688,2720,612,7225344,7398400,374544,7772944,547600,173056
1599,2775,10080,2556801,7700625,101606400,109307025,106750224,5143824
2295,2775,10080,5267025,7700625,101606400,109307025,104040000,2433600
1320,2805,4760,1742400,7868025,22657600,30525625,28783225,6125625
1344,2856,1485,1806336,8156736,2205225,10361961,8555625,6350400
2576,2900,8160,6635776,8410000,66585600,74995600,68359824,1774224
1485,2925,1344,2205225,8555625,1806336,10361961,8156736,6350400
2448,2960,10752,5992704,8761600,115605504,124367104,118374400,2768896
3024,3060,2080,9144576,9363600,4326400,13690000,4545424,219024
2340,3075,20900,5475600,9455625,436810000,446265625,440790025,3980025
1584,3120,5850,2509056,9734400,34222500,43956900,41447844,7225344
2601,3145,11424,6765201,9891025,130507776,140398801,133633600,3125824
2640,3179,1428,6969600,10106041,2039184,12145225,5175625,3136441
3120,3198,4536,9734400,10227204,20575296,30802500,21068100,492804
2856,3219,792,8156736,10361961,627264,10989225,2832489,2205225
2925,3219,792,8555625,10361961,627264,10989225,2433600,1806336
2754,3330,12096,7584516,11088900,146313216,157402116,149817600,3504384
1584,3366,5712,2509056,11329956,32626944,43956900,41447844,8820900
3360,3400,765,11289600,11560000,585225,12145225,855625,270400
3360,3444,533,11289600,11861136,284089,12145225,855625,571536
2880,3468,4301,8294400,12027024,18498601,30525625,22231225,3732624
2275,3485,2772,5175625,12145225,7683984,19829209,14653584,6969600
2907,3515,12768,8450649,12355225,163021824,175377049,166926400,3904576
3220,3625,10200,10368400,13140625,104040000,117180625,106812225,2772225
1848,3640,6825,3415104,13249600,46580625,59830225,56415121,9834496
2808,3690,25080,7884864,13616100,629006400,642622500,634737636,5731236
2132,3700,13440,4545424,13690000,180633600,194323600,189778176,9144576
3060,3700,13440,9363600,13690000,180633600,194323600,184960000,4326400
840,3723,1364,705600,13860729,1860496,15721225,15015625,13155129
3640,3731,5292,13249600,13920361,28005264,41925625,28676025,670761
1638,3738,7480,2683044,13972644,55950400,69923044,67240000,11289600
3404,3796,4653,11587216,14409616,21650409,36060025,24472809,2822400
1792,3808,1980,3211264,14500864,3920400,18421264,15210000,11289600
3780,3825,2600,14288400,14630625,6760000,21390625,7102225,342225
2772,3828,2275,7683984,14653584,5175625,19829209,12145225,6969600
1364,3875,840,1860496,15015625,705600,15721225,13860729,13155129
3213,3885,14112,10323369,15093225,199148544,214241769,203918400,4769856
1980,3900,1792,3920400,15210000,3211264,18421264,14500864,11289600
1848,3927,6664,3415104,15421329,44408896,59830225,56415121,12006225
1071,3975,20880,1147041,15800625,435974400,451775025,450627984,14653584
3366,4070,14784,11329956,16564900,218566656,235131556,223801600,5234944
4032,4080,918,16257024,16646400,842724,17489124,1232100,389376
3740,4100,819,13987600,16810000,670761,17480761,3493161,2822400
4080,4134,1288,16646400,17089956,1658944,18748900,2102500,443556
2112,4160,7800,4460544,17305600,60840000,78145600,73685056,12845056
2730,4182,28424,7452900,17489124,807923776,825412900,817960000,10036224
4180,4199,468,17472400,17631601,219024,17850625,378225,159201
3519,4255,15456,12383361,18105025,238887936,256992961,244609600,5721664
4160,4264,6048,17305600,18181696,36578304,54760000,37454400,876096
3808,4292,1056,14500864,18421264,1115136,19536400,5035536,3920400
3900,4292,1056,15210000,18421264,1115136,19536400,4326400,3211264
3276,4305,29260,10732176,18533025,856147600,874680625,863948449,7800849
2184,4350,3080,4769856,18922500,9486400,28408900,23639044,14152644
3864,4350,12240,14930496,18922500,149817600,168740100,153809604,3992004
3672,4440,16128,13483584,19713600,260112384,279825984,266342400,6230016
2112,4488,7616,4460544,20142144,58003456,78145600,73685056,15681600
2856,4550,5280,8156736,20702500,27878400,48580900,40424164,12545764
4522,4550,5280,20448484,20702500,27878400,48580900,28132416,254016
4680,4797,6804,21902400,23011209,46294416,69305625,47403225,1108809
5200,5330,7560,27040000,28408900,57153600,85562500,58522500,1368900
4557,5525,9840,20766249,30525625,96825600,127351225,106584976,9759376
4590,5550,20160,21068100,30802500,406425600,437228100,416160000,9734400
4743,5735,20832,22496049,32890225,433972224,466862449,444366400,10394176
5236,5740,7011,27415696,32947600,49154121,82101721,54686025,5531904
5152,5800,16320,26543104,33640000,266342400,299982400,273439296,7096896
5720,5863,8316,32718400,34374769,69155856,103530625,70812225,1656369
4896,5920,21504,23970816,35046400,462422016,497468416,473497600,11075584
5049,6105,22176,25492401,37271025,491774976,529046001,503553600,11778624
4680,6150,41800,21902400,37822500,1747240000,1785062500,1763160100,15920100
5202,6290,22848,27060804,39564100,522031104,561595204,534534400,12503296
6240,6396,9072,38937600,40908816,82301184,123210000,84272400,1971216
5355,6475,23520,28676025,41925625,553190400,595116025,566440000,13249600
5796,6525,18360,33593616,42575625,337089600,379665225,346071609,8982009
5508,6660,24192,30338064,44355600,585252864,629608464,599270400,14017536
5148,6765,45980,26501904,45765225,2114160400,2159925625,2133423721,19263321
6783,6825,7920,46009089,46580625,62726400,109307025,63297936,571536
5661,6845,24864,32046921,46854025,618218496,665072521,633025600,14807104
6760,6929,9828,45697600,48011041,96589584,144600625,98903025,2313441
5760,6936,8602,33177600,48108096,73994404,122102500,88924900,14930496
4550,6970,5544,20702500,48580900,30735936,79316836,58614336,27878400
5814,7030,25536,33802596,49420900,652087296,701508196,667705600,15618304
4692,7215,26208,22014864,52056225,686859264,738915489,716900625,30041361
5967,7215,26208,35605089,52056225,686859264,738915489,703310400,16451136
6440,7250,20400,41473600,52562500,416160000,468722500,427248900,11088900
5616,7380,50160,31539456,54464400,2516025600,2570490000,2538950544,22924944
6120,7400,26880,37454400,54760000,722534400,777294400,739840000,17305600
7280,7462,10584,52998400,55681444,112021056,167702500,114704100,2683044
6273,7585,27552,39350529,57532225,759112704,816644929,777294400,18181696
6808,7592,9306,46348864,57638464,86601636,144240100,97891236,11289600
5775,7665,6156,33350625,58752225,37896336,96648561,63297936,25401600
6601,7735,8976,43573201,59830225,80568576,140398801,96825600,16257024
6426,7770,28224,41293476,60372900,796594176,856967076,815673600,19079424
6579,7955,28896,43283241,63282025,834978816,898260841,854977600,19998784
6156,7956,5775,37896336,63297936,33350625,96648561,58752225,25401600
7920,7956,6783,62726400,63297936,46009089,109307025,46580625,571536
7084,7975,22440,50183056,63600625,503553600,567154225,516971169,13417569
6084,7995,54340,37015056,63920025,2952835600,3016755625,2979740569,26904969
7293,7995,16400,53187849,63920025,268960000,332880025,279692176,10732176
7800,7995,11340,60840000,63920025,128595600,192515625,131675625,3080025
6732,8140,29568,45319824,66259600,874266624,940526224,895206400,20939776
4797,8325,30240,23011209,69305625,914457600,983763225,960752016,46294416
6885,8325,30240,47403225,69305625,914457600,983763225,936360000,21902400
7038,8510,30912,49533444,72420100,955551744,1027971844,978438400,22886656
7191,8695,31584,51710481,75603025,997549056,1073152081,1021441600,23892544
7344,8880,32256,53934336,78854400,1040449536,1119303936,1065369600,24920064
7497,9065,32928,56205009,82174225,1084253184,1166427409,1110222400,25969216
7020,9225,62700,49280400,85100625,3931290000,4016390625,3967110225,35820225
7134,9250,33600,50893956,85562500,1128960000,1214522500,1163628544,34668544
7650,9250,33600,58522500,85562500,1128960000,1214522500,1156000000,27040000
7803,9435,34272,60886809,89019225,1174569984,1263589209,1202702400,28132416
7956,9620,34944,63297936,92544400,1221083136,1313627536,1250329600,29246464
8109,9805,35616,65755881,96138025,1268499456,1364637481,1298881600,30382144
7488,9840,66880,56070144,96825600,4472934400,4569760000,4513689856,40755456
8262,9990,36288,68260644,99800100,1316818944,1416619044,1348358400,31539456
9879,10121,60480,97594641,102434641,3657830400,3760265041,3662670400,4840000
8415,10175,36960,70812225,103530625,1366041600,1469572225,1398760000,32718400
8568,10360,37632,73410624,107329600,1416167424,1523497024,1450086400,33918976
7956,10455,71060,63297936,109307025,5049523600,5158830625,5095532689,46009089
8721,10545,38304,76055841,111197025,1467196416,1578393441,1502337600,35141184
8874,10730,38976,78747876,115132900,1519128576,1634261476,1555513600,36385024
7920,10803,37604,62726400,116704809,1414060816,1530765625,1468039225,53978409
9660,10875,30600,93315600,118265625,936360000,1054625625,961310025,24950025
9027,10915,39648,81486729,119137225,1571963904,1691101129,1609614400,37650496
8424,11070,75240,70963776,122544900,5661057600,5783602500,5712638724,51581124
9180,11100,40320,84272400,123210000,1625702400,1748912400,1664640000,38937600
9333,11285,40992,87104889,127351225,1680344064,1807695289,1720590400,40246336
9486,11470,41664,89984196,131560900,1735888896,1867449796,1777465600,41576704
9639,11655,42336,92910321,135839025,1792336896,1928175921,1835265600,42928704
9792,11840,43008,95883264,140185600,1849688064,1989873664,1893990400,44302336
9840,11849,40920,96825600,140398801,1674446400,1814845201,1718019601,43573201
9945,12025,43680,98903025,144600625,1907942400,2052543025,1953640000,45697600
10098,12210,44352,101969604,149084100,1967099904,2116184004,2014214400,47114496
9360,12300,83600,87609600,151290000,6988960000,7140250000,7052640400,63680400
10251,12395,45024,105083001,153636025,2027160576,2180796601,2075713600,48553024
10404,12580,45696,108243216,158256400,2088124416,2246380816,2138137600,50013184
10557,12765,46368,111450249,162945225,2149991424,2312936649,2201486400,51494976
9828,12915,87780,96589584,166797225,7705328400,7872125625,7775536041,70207641
10710,12950,47040,114704100,167702500,2212761600,2380464100,2265760000,52998400
10863,13135,47712,118004769,172528225,2276434944,2448963169,2330958400,54523456
11016,13320,48384,121352256,177422400,2341011456,2518433856,2397081600,56070144
11169,13505,49056,124746561,182385025,2406491136,2588876161,2464129600,57638464
10296,13530,91960,106007616,183060900,8456641600,8639702500,8533694884,77053284
11322,13690,49728,128187684,187416100,2472873984,2660290084,2532102400,59228416
10701,13875,50400,114511401,192515625,2540160000,2732675625,2618164224,78004224
11475,13875,50400,131675625,192515625,2540160000,2732675625,2601000000,60840000
11628,14060,51072,135210384,197683600,2608349184,2806032784,2670822400,62473216
10764,14145,96140,115863696,200081025,9242899600,9442980625,9327116929,84217329
11781,14245,51744,138791961,202920025,2677441536,2880361561,2741569600,64128064
9384,14430,52416,88059456,208224900,2747437056,2955661956,2867602500,120165444
11934,14430,52416,142420356,208224900,2747437056,2955661956,2813241600,65804544
12880,14500,40800,165894400,210250000,1664640000,1874890000,1708995600,44355600
12087,14615,53088,146095569,213598225,2818335744,3031933969,2885838400,67502656
9555,14637,99484,91298025,214241769,9897066256,10111308025,10020010000,122943744
11232,14760,100320,126157824,217857600,10064102400,10281960000,10155802176,91699776
12240,14800,53760,149817600,219040000,2890137600,3109177600,2959360000,69222400
12393,14985,54432,153586449,224550225,2962842624,3187392849,3033806400,70963776
12546,15170,55104,157402116,230128900,3036450816,3266579716,3109177600,72726784
13524,15225,42840,182898576,231800625,1835265600,2067066225,1884167649,48902049
12699,15355,55776,161264601,235776025,3110962176,3346738201,3185473600,74511424
11700,15375,104500,136890000,236390625,10920250000,11156640625,11019750625,99500625
12168,15990,108680,148060224,255680100,11811342400,12067022500,11918962276,107619876
12636,16605,112860,159668496,275726025,12737379600,13013105625,12853437129,116057529
13104,17220,117040,171714816,296528400,13698361600,13994890000,13823175184,124813584
